17 0.70375 0.429375 0.1075 0.195
17 0.75875 0.5675 0.1375 0.163125
17 0.2525 0.798125 0.135 0.196875
17 0.298125 0.704375 0.14875 0.106875
17 0.205625 0.5875 0.13625 0.12
17 0.201875 0.485 0.11625 0.129375
17 0.269375 0.50375 0.09875 0.174375
17 0.145625 0.34125 0.06375 0.14625
17 0.575 0.366875 0.125 0.181875
17 0.4725 0.395 0.1175 0.193125
17 0.383125 0.36 0.09875 0.13125
17 0.418125 0.245625 0.11375 0.1425
17 0.12625 0.2475 0.1375 0.13125
17 0.085 0.8125 0.145 0.31125
17 0.33625 0.6125 0.1375 0.163125
17 0.456875 0.61 0.12625 0.10125
17 0.271875 0.16625 0.10125 0.129375
17 0.4525 0.185 0.1375 0.129375
17 0.516875 0.784375 0.20875 0.30375