20 0.636875 0.60875 0.1475 0.27875
20 0.136875 0.54625 0.21875 0.178125
20 0.29875 0.675 0.1125 0.255625
20 0.23125 0.389375 0.141875 0.19875
20 0.309375 0.308125 0.145625 0.143125
20 0.483125 0.453125 0.12875 0.081875
20 0.63375 0.423125 0.17875 0.09
20 0.73875 0.365 0.064375 0.235625
20 0.87375 0.525 0.21875 0.160625
20 0.575 0.8725 0.14875 0.096875
20 0.45375 0.8675 0.101875 0.09375
20 0.525625 0.93375 0.0675 0.09125
20 0.584375 0.1825 0.08625 0.1875
20 0.45625 0.11875 0.144375 0.17
20 0.596875 0.29125 0.096875 0.056875
20 0.516875 0.22875 0.0675 0.12
20 0.48125 0.246875 0.10625 0.099375
20 0.37125 0.630625 0.08625 0.15125