5 0.230625 0.344375 0.096875 0.285
5 0.33125 0.493125 0.17125 0.156875
5 0.429375 0.623125 0.09875 0.153125
5 0.483125 0.381875 0.073125 0.213125
5 0.58 0.365 0.0775 0.193125
5 0.658125 0.613125 0.1325 0.223125
5 0.796875 0.635 0.224375 0.183125
5 0.69 0.8425 0.126875 0.255
5 0.5725 0.759375 0.08875 0.145
5 0.496875 0.750625 0.0625 0.168125
5 0.420625 0.765625 0.12125 0.165
5 0.236875 0.63 0.10875 0.193125
5 0.18625 0.694375 0.0725 0.118125
5 0.1 0.505625 0.1 0.165
5 0.126875 0.231875 0.135625 0.176875
5 0.475 0.1375 0.1675 0.258125
5 0.754375 0.124375 0.173125 0.231875
5 0.1325 0.678125 0.094375 0.213125
5 0.406875 0.383125 0.13125 0.22
5 0.50875 0.628125 0.04875 0.093125