3 0.516875 0.5975 0.110625 0.218125
3 0.81125 0.544375 0.118125 0.295
3 0.834375 0.765625 0.100625 0.2325
3 0.95875 0.66125 0.081875 0.198125
3 0.8875 0.3975 0.07625 0.151875
3 0.8825 0.18625 0.07125 0.211875
3 0.639375 0.41625 0.109375 0.13375
3 0.633125 0.561875 0.100625 0.16125
3 0.618125 0.686875 0.123125 0.099375
3 0.616875 0.8075 0.108125 0.13375
3 0.33375 0.649375 0.1575 0.095
3 0.3675 0.535625 0.139375 0.14
3 0.17 0.460625 0.091875 0.15375
3 0.22625 0.84625 0.113125 0.174375
3 0.143125 0.923125 0.09875 0.15375
3 0.075625 0.804375 0.110625 0.10875
3 0.455625 0.836875 0.121875 0.09375
3 0.500625 0.763125 0.083125 0.129375
3 0.395625 0.84 0.123125 0.15625