20 0.4725 0.315 0.07375 0.153125
20 0.51125 0.526875 0.09625 0.1375
20 0.465 0.60625 0.180625 0.07
20 0.635 0.40875 0.120625 0.150625
20 0.5725 0.173125 0.16 0.09875
20 0.578125 0.25625 0.08125 0.128125
20 0.74125 0.365 0.183125 0.093125
20 0.883125 0.3025 0.15125 0.138125
20 0.93 0.5525 0.093125 0.220625
20 0.71875 0.815625 0.115625 0.19375
20 0.45875 0.78875 0.146875 0.104375
20 0.61875 0.900625 0.11 0.19875
20 0.0675 0.46125 0.134375 0.158125
20 0.0925 0.6375 0.105 0.068125
20 0.16625 0.77625 0.146875 0.16875
20 0.270625 0.52875 0.10875 0.119375
20 0.26875 0.3275 0.129375 0.093125
20 0.18625 0.245625 0.09125 0.14
20 0.085 0.299375 0.155625 0.09
20 0.69625 0.1525 0.083125 0.09875
20 0.6875 0.07125 0.084375 0.113125
20 0.79625 0.60375 0.1075 0.183125
20 0.665 0.6575 0.164375 0.109375