5 0.2775 0.3775 0.094375 0.20375
5 0.214375 0.538125 0.14875 0.083125
5 0.11375 0.541875 0.133125 0.183125
5 0.291875 0.54375 0.094375 0.135
5 0.411875 0.745625 0.16 0.13875
5 0.5175 0.748125 0.1125 0.151875
5 0.475 0.62875 0.15 0.101875
5 0.69 0.685 0.116875 0.18125
5 0.806875 0.615 0.13625 0.0925
5 0.795 0.541875 0.14 0.13125
5 0.71125 0.5175 0.0725 0.15375
5 0.726875 0.3 0.120625 0.10375
5 0.805625 0.176875 0.1475 0.0725
5 0.70875 0.098125 0.065 0.159375
5 0.53 0.224375 0.106875 0.144375
5 0.435 0.31 0.1 0.1725