5 0.14625 0.386875 0.165625 0.20625
5 0.27125 0.400625 0.10875 0.175625
5 0.236875 0.615 0.1 0.214375
5 0.12125 0.55375 0.136875 0.134375
5 0.3075 0.574375 0.104375 0.139375
5 0.3475 0.634375 0.116875 0.141875
5 0.43625 0.749375 0.1625 0.276875
5 0.608125 0.70875 0.1075 0.1425
5 0.70625 0.584375 0.136875 0.113125
5 0.51375 0.581875 0.196875 0.18125
5 0.47375 0.1775 0.131875 0.181875
5 0.5075 0.305 0.093125 0.203125
5 0.42625 0.30375 0.110625 0.198125
5 0.576875 0.211875 0.0575 0.14625
5 0.68625 0.234375 0.105625 0.09375
5 0.59 0.345 0.045625 0.0975
5 0.8125 0.368125 0.111875 0.14125