24 0.70875 0.94 0.061875 0.12
24 0.175625 0.33125 0.050625 0.046875
24 0.27125 0.513125 0.04375 0.1225
24 0.40375 0.426875 0.064375 0.106875
24 0.53125 0.493125 0.03875 0.045625
24 0.5625 0.423125 0.0375 0.068125
24 0.511875 0.684375 0.01 0.086875
24 0.5375 0.659375 0.0225 0.04125
24 0.526875 0.59375 0.03 0.049375
24 0.44375 0.63375 0.026875 0.086875
24 0.470625 0.634375 0.0125 0.048125
24 0.491875 0.614375 0.014375 0.0425
24 0.688125 0.6325 0.029375 0.089375
24 0.73125 0.609375 0.023125 0.066875
24 0.7825 0.558125 0.014375 0.03625
24 0.829375 0.5675 0.021875 0.105625
24 0.87375 0.544375 0.030625 0.07875
24 0.5925 0.7675 0.03625 0.08125