5 0.16375 0.156875 0.093125 0.104375
5 0.171875 0.283125 0.10625 0.083125
5 0.05375 0.3425 0.09625 0.096875
5 0.148125 0.41375 0.08875 0.094375
5 0.32625 0.21375 0.09 0.14125
5 0.46625 0.283125 0.1475 0.089375
5 0.4925 0.17375 0.125625 0.12375
5 0.556875 0.218125 0.1425 0.074375
5 0.32625 0.325625 0.10875 0.07875
5 0.15 0.505 0.08375 0.106875
5 0.245625 0.52375 0.118125 0.080625
5 0.40875 0.415 0.111875 0.0975
5 0.375 0.481875 0.1175 0.086875
5 0.0825 0.110625 0.090625 0.106875
5 0.639375 0.426875 0.075625 0.124375
5 0.715 0.485625 0.134375 0.109375
5 0.6125 0.52375 0.074375 0.125625
5 0.6575 0.615625 0.1 0.083125
5 0.735625 0.639375 0.108125 0.10375
5 0.8375 0.640625 0.1 0.08125
5 0.80375 0.74375 0.11875 0.106875
5 0.671875 0.764375 0.09 0.104375
5 0.700625 0.94625 0.105 0.104375
5 0.608125 0.93875 0.074375 0.11875
5 0.528125 0.90125 0.080625 0.119375
5 0.65375 0.85 0.176875 0.0725
5 0.281875 0.8625 0.086875 0.064375
5 0.243125 0.935625 0.074375 0.105625
5 0.215625 0.8425 0.089375 0.089375
5 0.260625 0.784375 0.1125 0.06875
5 0.275625 0.655 0.095625 0.153125
5 0.200625 0.63 0.08375 0.13875
5 0.3925 0.696875 0.10125 0.089375
5 0.476875 0.57625 0.079375 0.124375
5 0.509375 0.65375 0.09875 0.086875
5 0.603125 0.6875 0.098125 0.094375