5 0.85375 0.386875 0.165625 0.20625
5 0.72875 0.400625 0.10875 0.175625
5 0.763125 0.615 0.1 0.214375
5 0.87875 0.55375 0.136875 0.134375
5 0.6925 0.574375 0.104375 0.139375
5 0.6525 0.634375 0.116875 0.141875
5 0.56375 0.749375 0.1625 0.276875
5 0.391875 0.70875 0.1075 0.1425
5 0.29375 0.584375 0.136875 0.113125
5 0.48625 0.581875 0.196875 0.18125
5 0.52625 0.1775 0.131875 0.181875
5 0.4925 0.305 0.093125 0.203125
5 0.57375 0.30375 0.110625 0.198125
5 0.423125 0.211875 0.0575 0.14625
5 0.31375 0.234375 0.105625 0.09375
5 0.41 0.345 0.045625 0.0975
5 0.1875 0.368125 0.111875 0.14125