3 0.285625 0.644375 0.16125 0.14875
3 0.448125 0.628125 0.13875 0.103125
3 0.343125 0.545 0.14375 0.105625
3 0.170625 0.3925 0.230625 0.12125
3 0.446875 0.269375 0.110625 0.1175
3 0.483125 0.144375 0.08625 0.16125
3 0.63875 0.198125 0.130625 0.143125
3 0.555 0.086875 0.113125 0.113125
3 0.806875 0.73 0.145625 0.261875
3 0.92625 0.733125 0.131875 0.263125
3 0.903125 0.54375 0.109375 0.12875
3 0.87625 0.373125 0.14375 0.103125
3 0.74125 0.32125 0.13875 0.0875
3 0.6025 0.544375 0.12875 0.073125
3 0.515 0.685625 0.085 0.19125
3 0.48125 0.515 0.06625 0.11875
3 0.53875 0.426875 0.04375 0.13
3 0.248125 0.146875 0.08375 0.09875
3 0.2675 0.046875 0.08625 0.08875
3 0.056875 0.1125 0.1075 0.0875
3 0.031875 0.21875 0.0575 0.109375
3 0.12625 0.208125 0.096875 0.1175
3 0.170625 0.575 0.113125 0.105625
3 0.06 0.683125 0.090625 0.13125
3 0.7 0.064375 0.088125 0.103125