18 0.39875 0.785 0.094375 0.2425
18 0.533125 0.775 0.120625 0.263125
18 0.514375 0.525625 0.048125 0.1475
18 0.615625 0.35875 0.10125 0.143125
18 0.87125 0.843125 0.1325 0.261875
18 0.765625 0.601875 0.07125 0.1525
18 0.141875 0.43125 0.09625 0.3525
18 0.215 0.149375 0.113125 0.295625
18 0.229375 0.341875 0.056875 0.1175
20 0.394375 0.4175 0.075 0.138125
20 0.705625 0.298125 0.048125 0.223125
20 0.968125 0.630625 0.06375 0.169375
18 0.33625 0.25375 0.07375 0.225
20 0.519375 0.35875 0.080625 0.14
20 0.81375 0.27 0.07125 0.103125
20 0.8075 0.1725 0.07375 0.085
20 0.055 0.76 0.094375 0.176875
18 0.45625 0.07875 0.09125 0.121875
20 0.9375 0.256875 0.065 0.19625