24 0.390625 0.426875 0.135 0.060625
24 0.08 0.223125 0.115625 0.10625
24 0.47875 0.273125 0.16375 0.083125
24 0.645625 0.806875 0.088125 0.105625
24 0.5925 0.46625 0.08375 0.09875
24 0.580625 0.156875 0.174375 0.1925
24 0.695625 0.28 0.234375 0.0975
24 0.7475 0.49125 0.2475 0.060625
24 0.4825 0.65625 0.156875 0.095625
24 0.5375 0.764375 0.26625 0.0975
24 0.285625 0.84 0.19625 0.11125
24 0.725625 0.708125 0.080625 0.10375
24 0.92625 0.556875 0.139375 0.10625
24 0.83375 0.695 0.10125 0.126875
24 0.764375 0.55125 0.158125 0.13375