5 0.043125 0.79125 0.0825 0.18
5 0.118125 0.683125 0.07 0.094375
5 0.2675 0.8 0.205625 0.236875
5 0.436875 0.831875 0.103125 0.15625
5 0.58625 0.800625 0.203125 0.219375
5 0.795625 0.844375 0.184375 0.204375
5 0.745625 0.615 0.07 0.15875
5 0.81375 0.625625 0.124375 0.14
5 0.858125 0.5975 0.129375 0.146875
5 0.893125 0.343125 0.06375 0.14
5 0.79875 0.3675 0.13125 0.168125
5 0.686875 0.384375 0.14 0.099375
5 0.33625 0.291875 0.138125 0.19375
5 0.49625 0.285 0.159375 0.29375
5 0.625 0.08875 0.11625 0.149375