5 0.295625 0.366875 0.115 0.22875
5 0.49 0.529375 0.133125 0.185
5 0.64 0.5775 0.138125 0.243125
5 0.875 0.544375 0.150625 0.245625
5 0.79 0.276875 0.2075 0.241875
5 0.59375 0.389375 0.214375 0.15375
5 0.59125 0.29875 0.146875 0.185
5 0.755 0.573125 0.1775 0.165
5 0.74625 0.745 0.134375 0.12875
5 0.62875 0.8375 0.146875 0.148125
5 0.3875 0.78625 0.13625 0.18
5 0.249375 0.611875 0.11875 0.2075
5 0.143125 0.62375 0.11625 0.25125
5 0.088125 0.48125 0.12875 0.159375
5 0.189375 0.441875 0.10875 0.163125
5 0.1075 0.305625 0.196875 0.254375
5 0.2025 0.125625 0.14125 0.215625
5 0.80375 0.90375 0.15625 0.186875
5 0.934375 0.710625 0.13125 0.19625