5 0.70625 0.170625 0.141875 0.225
5 0.573125 0.19125 0.1075 0.24625
5 0.714375 0.349375 0.155625 0.12
5 0.60375 0.475625 0.056875 0.25
5 0.855625 0.475 0.17875 0.27
5 0.8325 0.76625 0.104375 0.3525
5 0.6525 0.738125 0.09375 0.251875
5 0.54875 0.656875 0.16625 0.16375
5 0.224375 0.54125 0.100625 0.345
5 0.09875 0.6175 0.155 0.17375
5 0.3525 0.61875 0.099375 0.201875
5 0.28375 0.821875 0.070625 0.230625
5 0.129375 0.863125 0.21125 0.24625
5 0.37 0.140625 0.07875 0.255
5 0.229375 0.273125 0.21875 0.16375