10 0.4275 0.56 0.051875 0.135
10 0.78125 0.43875 0.061875 0.134375
10 0.855 0.591875 0.0575 0.123125
10 0.80875 0.586875 0.04375 0.124375
10 0.8775 0.533125 0.113125 0.094375
10 0.72625 0.489375 0.110625 0.050625
10 0.66125 0.455625 0.03 0.115
10 0.665 0.760625 0.069375 0.133125
10 0.2425 0.564375 0.0975 0.224375
10 0.190625 0.629375 0.05375 0.245
10 0.25125 0.23125 0.075625 0.1625
10 0.23125 0.894375 0.049375 0.1425
10 0.4575 0.6975 0.049375 0.163125
10 0.53625 0.65125 0.065625 0.1175
10 0.335 0.035625 0.104375 0.059375
10 0.325 0.099375 0.091875 0.063125
10 0.785 0.690625 0.068125 0.091875
10 0.78 0.814375 0.06375 0.0525
10 0.72 0.89375 0.0375 0.145625
10 0.81 0.26125 0.050625 0.119375
10 0.64875 0.28875 0.030625 0.0875
10 0.6225 0.358125 0.083125 0.0375
10 0.41625 0.111875 0.044375 0.068125
10 0.171875 0.108125 0.0675 0.0775
10 0.37625 0.503125 0.106875 0.0825
10 0.42875 0.433125 0.0425 0.094375
10 0.381875 0.426875 0.085 0.0675
10 0.4775 0.600625 0.040625 0.135625
10 0.30375 0.711875 0.075625 0.1525
10 0.11375 0.815 0.153125 0.166875
10 0.713125 0.303125 0.06 0.059375
10 0.92875 0.24625 0.03625 0.0625