12 0.22125 0.304375 0.0775 0.110625
12 0.09875 0.33125 0.104375 0.058125
12 0.536875 0.365625 0.093125 0.168125
12 0.43125 0.3775 0.066875 0.104375
12 0.378125 0.289375 0.125625 0.0875
12 0.314375 0.235625 0.06 0.0475
12 0.289375 0.295625 0.054375 0.108125
12 0.23 0.235625 0.08875 0.045
12 0.2075 0.176875 0.086875 0.0475
12 0.683125 0.391875 0.066875 0.161875
12 0.74125 0.448125 0.066875 0.153125
12 0.643125 0.31 0.086875 0.103125
12 0.81125 0.5625 0.064375 0.09125
12 0.843125 0.62125 0.04 0.168125
12 0.880625 0.49375 0.0725 0.076875
12 0.518125 0.6725 0.103125 0.076875
12 0.528125 0.608125 0.085625 0.071875
12 0.645625 0.704375 0.1175 0.120625