5 0.704375 0.366875 0.115 0.22875
5 0.51 0.529375 0.133125 0.185
5 0.36 0.5775 0.138125 0.243125
5 0.125 0.544375 0.150625 0.245625
5 0.21 0.276875 0.2075 0.241875
5 0.40625 0.389375 0.214375 0.15375
5 0.40875 0.29875 0.146875 0.185
5 0.245 0.573125 0.1775 0.165
5 0.25375 0.745 0.134375 0.12875
5 0.37125 0.8375 0.146875 0.148125
5 0.6125 0.78625 0.13625 0.18
5 0.750625 0.611875 0.11875 0.2075
5 0.856875 0.62375 0.11625 0.25125
5 0.911875 0.48125 0.12875 0.159375
5 0.810625 0.441875 0.10875 0.163125
5 0.8925 0.305625 0.196875 0.254375
5 0.7975 0.125625 0.14125 0.215625
5 0.19625 0.90375 0.15625 0.186875
5 0.065625 0.710625 0.13125 0.19625