10 0.355 0.5325 0.12875 0.335
10 0.28 0.161875 0.13 0.31875
10 0.67375 0.15875 0.206875 0.303125
10 0.894375 0.19375 0.16375 0.353125
10 0.9075 0.665 0.1175 0.25625
10 0.225 0.47625 0.259375 0.253125
10 0.47 0.83 0.09375 0.073125
10 0.25375 0.818125 0.1175 0.08
10 0.448125 0.96375 0.12 0.0725
10 0.68 0.9175 0.04875 0.083125
10 0.094375 0.848125 0.075625 0.115625
10 0.58375 0.884375 0.11625 0.065
10 0.649375 0.75625 0.088125 0.08375
10 0.706875 0.77 0.054375 0.09875
10 0.765625 0.756875 0.1075 0.09125
10 0.88625 0.819375 0.088125 0.075625
10 0.931875 0.90125 0.05875 0.103125
10 0.895625 0.958125 0.063125 0.08375
10 0.33125 0.89625 0.07875 0.0975
10 0.11875 0.725625 0.124375 0.055
10 0.085 0.269375 0.11625 0.16125