24 0.5075 0.954375 0.1175 0.09125
24 0.446875 0.40375 0.131875 0.1275
24 0.6025 0.3725 0.099375 0.073125
24 0.475 0.24125 0.079375 0.173125
24 0.3275 0.80875 0.14375 0.2475
24 0.668125 0.9425 0.1075 0.114375
24 0.704375 0.643125 0.07125 0.109375
24 0.2175 0.3325 0.150625 0.06625
24 0.15375 0.39125 0.18625 0.0975
24 0.484375 0.725 0.10125 0.125
24 0.5375 0.84625 0.08125 0.073125
24 0.639375 0.846875 0.08125 0.045625
24 0.646875 0.77375 0.085 0.075625
24 0.54625 0.76 0.073125 0.06375
24 0.45875 0.510625 0.16625 0.135625
24 0.59375 0.568125 0.046875 0.06625
24 0.7075 0.79625 0.108125 0.139375
24 0.1875 0.605 0.17 0.1575
24 0.140625 0.864375 0.16 0.270625