24 0.895625 0.344375 0.181875 0.203125
24 0.66875 0.3725 0.126875 0.203125
24 0.82 0.18625 0.159375 0.193125
24 0.700625 0.105625 0.138125 0.191875
24 0.826875 0.698125 0.04 0.0775
24 0.89875 0.718125 0.0425 0.12375
24 0.821875 0.61 0.0525 0.14875
24 0.689375 0.85375 0.0925 0.16375
24 0.749375 0.659375 0.0775 0.165
24 0.715625 0.71875 0.06 0.0725
24 0.6475 0.710625 0.09625 0.13875
24 0.60375 0.835625 0.163125 0.156875
24 0.03875 0.82125 0.075 0.17875
24 0.24125 0.640625 0.03875 0.0875
24 0.26125 0.8675 0.06875 0.099375
24 0.336875 0.895625 0.0575 0.0925
24 0.171875 0.7825 0.0725 0.1175
24 0.413125 0.71625 0.08625 0.0875
24 0.296875 0.665 0.065 0.090625
24 0.18125 0.65625 0.05625 0.095625
24 0.12125 0.23875 0.150625 0.1175
24 0.31 0.279375 0.164375 0.0925
24 0.224375 0.17 0.1225 0.215