3 0.633125 0.446875 0.22375 0.300625
3 0.51 0.349375 0.11 0.211875
3 0.5975 0.69125 0.231875 0.1975
3 0.383125 0.511875 0.2125 0.215625
3 0.29125 0.274375 0.103125 0.215
3 0.19875 0.314375 0.170625 0.23
3 0.114375 0.520625 0.22875 0.1775
3 0.243125 0.75 0.11125 0.265
3 0.3325 0.709375 0.149375 0.255
3 0.405 0.83375 0.185625 0.289375
3 0.59125 0.88875 0.1325 0.2225
3 0.77 0.231875 0.11375 0.289375
3 0.896875 0.389375 0.19875 0.121875
3 0.89 0.485625 0.1925 0.1325
3 0.87375 0.889375 0.155625 0.219375
3 0.76375 0.573125 0.101875 0.214375
3 0.61375 0.254375 0.206875 0.125625
3 0.570625 0.28625 0.11 0.184375
3 0.401875 0.356875 0.1125 0.144375