5 0.54875 0.683125 0.165625 0.1275
5 0.531875 0.77625 0.1175 0.116875
5 0.6675 0.81375 0.128125 0.138125
5 0.725 0.6525 0.1375 0.116875
5 0.6 0.57625 0.1 0.119375
5 0.63125 0.503125 0.134375 0.106875
5 0.7675 0.45625 0.1375 0.104375
5 0.83375 0.6525 0.1175 0.17125
5 0.895 0.8575 0.20625 0.205
5 0.82125 0.92875 0.16375 0.1425
5 0.394375 0.77625 0.18625 0.13
5 0.26125 0.849375 0.096875 0.18
5 0.19625 0.76875 0.14875 0.115
5 0.10125 0.856875 0.125 0.131875
5 0.240625 0.9525 0.12375 0.095
5 0.3625 0.93625 0.1125 0.1275
5 0.89 0.35125 0.09875 0.23875
5 0.78625 0.234375 0.075 0.205
5 0.543125 0.2125 0.08 0.219375
5 0.42375 0.181875 0.109375 0.26375
5 0.33625 0.118125 0.090625 0.22375
5 0.061875 0.284375 0.12375 0.259375
5 0.11 0.106875 0.1175 0.188125
5 0.213125 0.554375 0.08875 0.205
5 0.346875 0.49875 0.115625 0.178125
5 0.46125 0.546875 0.16875 0.1025