24 0.544375 0.84125 0.101875 0.0625
24 0.19875 0.68375 0.169375 0.156875
24 0.655 0.888125 0.106875 0.08125
24 0.368125 0.795625 0.053125 0.041875
24 0.42875 0.831875 0.0425 0.085625
24 0.20375 0.85625 0.065625 0.09625
24 0.2925 0.75875 0.039375 0.0775
24 0.215625 0.77125 0.06125 0.098125
24 0.258125 0.858125 0.055 0.10875
24 0.270625 0.591875 0.1175 0.1275
24 0.240625 0.439375 0.09875 0.08125
24 0.304375 0.319375 0.06875 0.141875
24 0.209375 0.306875 0.101875 0.1125
24 0.37875 0.535625 0.070625 0.073125
24 0.485 0.57125 0.07375 0.0775
24 0.398125 0.628125 0.05625 0.125
24 0.50875 0.39125 0.064375 0.08125
24 0.454375 0.3975 0.040625 0.060625
24 0.445625 0.339375 0.083125 0.110625
24 0.61 0.431875 0.059375 0.166875
24 0.68625 0.390625 0.075 0.141875
24 0.758125 0.41 0.108125 0.085625
24 0.8175 0.635625 0.0925 0.123125
24 0.62875 0.7325 0.100625 0.10875
24 0.659375 0.56875 0.0925 0.098125
24 0.761875 0.52625 0.071875 0.14625