24 0.600625 0.35375 0.125 0.12125
24 0.87875 0.37875 0.131875 0.12125
24 0.635625 0.515 0.125 0.201875
24 0.894375 0.7275 0.086875 0.181875
24 0.921875 0.578125 0.12875 0.14625
24 0.783125 0.7475 0.12125 0.191875
24 0.63 0.704375 0.135625 0.176875
24 0.58875 0.87125 0.149375 0.2275
24 0.11625 0.446875 0.086875 0.176875
24 0.085 0.2275 0.08 0.181875
24 0.22375 0.2425 0.135625 0.080625
24 0.21375 0.10625 0.086875 0.14125
24 0.350625 0.2425 0.166875 0.313125
24 0.895625 0.189375 0.118125 0.14625
24 0.82125 0.10375 0.100625 0.186875
24 0.756875 0.186875 0.0975 0.11125