5 0.956875 0.79125 0.0825 0.18
5 0.881875 0.683125 0.07 0.094375
5 0.7325 0.8 0.205625 0.236875
5 0.563125 0.831875 0.103125 0.15625
5 0.41375 0.800625 0.203125 0.219375
5 0.204375 0.844375 0.184375 0.204375
5 0.254375 0.615 0.07 0.15875
5 0.18625 0.625625 0.124375 0.14
5 0.141875 0.5975 0.129375 0.146875
5 0.106875 0.343125 0.06375 0.14
5 0.20125 0.3675 0.13125 0.168125
5 0.313125 0.384375 0.14 0.099375
5 0.66375 0.291875 0.138125 0.19375
5 0.50375 0.285 0.159375 0.29375
5 0.375 0.08875 0.11625 0.149375