24 0.358125 0.164375 0.05125 0.058125
24 0.356875 0.37125 0.03875 0.0625
24 0.52625 0.1975 0.0375 0.056875
24 0.545 0.333125 0.0475 0.06875
24 0.624375 0.24625 0.045 0.05625
24 0.660625 0.20375 0.0375 0.034375
24 0.249375 0.405625 0.07625 0.065
24 0.1825 0.370625 0.095 0.093125
24 0.28875 0.2625 0.073125 0.055
24 0.39875 0.354375 0.04 0.09
24 0.131875 0.846875 0.084375 0.14875
24 0.08375 0.748125 0.0575 0.09125
24 0.679375 0.7175 0.10375 0.181875
24 0.58875 0.5675 0.106875 0.14875
24 0.66375 0.350625 0.05125 0.0475
24 0.418125 0.239375 0.07375 0.058125
24 0.345625 0.285 0.03875 0.051875