5 0.45625 0.63875 0.2 0.386875
5 0.616875 0.54875 0.221875 0.236875
5 0.800625 0.4525 0.164375 0.273125
5 0.681875 0.39625 0.09375 0.21
5 0.42 0.15375 0.19875 0.125
5 0.3225 0.26625 0.13125 0.261875
5 0.1525 0.32 0.2375 0.169375
5 0.05875 0.454375 0.1175 0.26625
5 0.054375 0.793125 0.108125 0.36875
5 0.145 0.709375 0.115 0.330625
5 0.29625 0.881875 0.188125 0.2075
5 0.906875 0.838125 0.17625 0.24875
5 0.576875 0.14875 0.11125 0.17625
5 0.5425 0.284375 0.045625 0.09375
5 0.47125 0.243125 0.10875 0.08875
5 0.2425 0.549375 0.138125 0.129375
5 0.1825 0.503125 0.036875 0.07625