10 0.15375 0.511875 0.06375 0.108125
10 0.23 0.59375 0.05625 0.111875
10 0.308125 0.73875 0.06375 0.11375
10 0.52375 0.65375 0.04 0.08
10 0.526875 0.758125 0.04625 0.111875
10 0.71875 0.74 0.05 0.111875
10 0.78375 0.628125 0.04375 0.091875
10 0.585 0.345 0.09 0.04625
10 0.493125 0.37 0.081875 0.08
10 0.483125 0.21375 0.058125 0.071875
10 0.27625 0.31375 0.05625 0.068125
10 0.328125 0.448125 0.03625 0.068125
10 0.69 0.266875 0.04 0.11
10 0.64125 0.333125 0.07 0.098125
10 0.666875 0.50875 0.05375 0.07375
10 0.54 0.598125 0.04375 0.091875
10 0.55 0.451875 0.048125 0.07625
10 0.421875 0.501875 0.051875 0.068125
10 0.38625 0.205 0.06375 0.06625
10 0.77875 0.258125 0.05375 0.071875
10 0.693125 0.62875 0.09 0.061875
10 0.223125 0.153125 0.10625 0.05