5 0.83625 0.156875 0.093125 0.104375
5 0.828125 0.283125 0.10625 0.083125
5 0.94625 0.3425 0.09625 0.096875
5 0.851875 0.41375 0.08875 0.094375
5 0.67375 0.21375 0.09 0.14125
5 0.53375 0.283125 0.1475 0.089375
5 0.5075 0.17375 0.125625 0.12375
5 0.443125 0.218125 0.1425 0.074375
5 0.67375 0.325625 0.10875 0.07875
5 0.85 0.505 0.08375 0.106875
5 0.754375 0.52375 0.118125 0.080625
5 0.59125 0.415 0.111875 0.0975
5 0.625 0.481875 0.1175 0.086875
5 0.9175 0.110625 0.090625 0.106875
5 0.360625 0.426875 0.075625 0.124375
5 0.285 0.485625 0.134375 0.109375
5 0.3875 0.52375 0.074375 0.125625
5 0.3425 0.615625 0.1 0.083125
5 0.264375 0.639375 0.108125 0.10375
5 0.1625 0.640625 0.1 0.08125
5 0.19625 0.74375 0.11875 0.106875
5 0.328125 0.764375 0.09 0.104375
5 0.299375 0.94625 0.105 0.104375
5 0.391875 0.93875 0.074375 0.11875
5 0.471875 0.90125 0.080625 0.119375
5 0.34625 0.85 0.176875 0.0725
5 0.718125 0.8625 0.086875 0.064375
5 0.756875 0.935625 0.074375 0.105625
5 0.784375 0.8425 0.089375 0.089375
5 0.739375 0.784375 0.1125 0.06875
5 0.724375 0.655 0.095625 0.153125
5 0.799375 0.63 0.08375 0.13875
5 0.6075 0.696875 0.10125 0.089375
5 0.523125 0.57625 0.079375 0.124375
5 0.490625 0.65375 0.09875 0.086875
5 0.396875 0.6875 0.098125 0.094375