24 0.704375 0.9375 0.088125 0.125
24 0.611875 0.914375 0.12375 0.17125
24 0.2475 0.938125 0.073125 0.12375
24 0.521875 0.496875 0.066875 0.171875
24 0.46375 0.6625 0.084375 0.101875
24 0.105625 0.488125 0.063125 0.0775
24 0.16375 0.605 0.12875 0.149375
24 0.584375 0.67 0.0725 0.0775
24 0.655625 0.200625 0.0625 0.210625
24 0.763125 0.125625 0.07 0.200625
24 0.863125 0.22375 0.07125 0.190625
24 0.955 0.3075 0.0875 0.13375
24 0.87 0.420625 0.1025 0.20375
24 0.756875 0.45375 0.07625 0.13375
24 0.7275 0.61625 0.064375 0.180625
24 0.664375 0.42 0.056875 0.111875
24 0.5875 0.390625 0.063125 0.24375
24 0.461875 0.144375 0.08875 0.205
24 0.365625 0.1075 0.1075 0.195
24 0.179375 0.43 0.0675 0.111875
24 0.316875 0.44 0.0975 0.171875
24 0.391875 0.42875 0.07125 0.18375
24 0.421875 0.323125 0.043125 0.228125
24 0.4575 0.376875 0.05375 0.185
24 0.43 0.538125 0.075 0.155