24 0.17 0.19125 0.07625 0.06625
24 0.17 0.096875 0.09 0.04375
24 0.355625 0.165 0.08 0.025625
24 0.70125 0.146875 0.0625 0.041875
24 0.655625 0.170625 0.078125 0.03875
24 0.42125 0.525625 0.091875 0.0275
24 0.498125 0.54625 0.073125 0.028125
24 0.44625 0.335 0.045 0.03875
24 0.250625 0.31375 0.085 0.029375
24 0.65125 0.20875 0.08 0.02125
24 0.3475 0.23625 0.045 0.03125
24 0.066875 0.275625 0.046875 0.051875
24 0.091875 0.2025 0.0625 0.03625
24 0.0875 0.09375 0.05375 0.036875
24 0.756875 0.078125 0.041875 0.055
24 0.66 0.0875 0.0625 0.05
24 0.46375 0.100625 0.051875 0.04125
24 0.73875 0.36875 0.0675 0.028125
24 0.705625 0.274375 0.07125 0.055
24 0.61625 0.285625 0.073125 0.03
24 0.646875 0.253125 0.064375 0.051875
24 0.3825 0.3 0.0575 0.033125
24 0.13125 0.5925 0.11625 0.03875
24 0.13125 0.549375 0.074375 0.038125
24 0.154375 0.485 0.09375 0.03625
24 0.13125 0.420625 0.095625 0.055625
24 0.23375 0.37375 0.0675 0.060625
24 0.285 0.411875 0.086875 0.0325
24 0.83875 0.518125 0.045 0.075
24 0.669375 0.544375 0.113125 0.05
24 0.63125 0.57 0.1025 0.045
24 0.59875 0.480625 0.1075 0.04125
24 0.73625 0.476875 0.12125 0.051875
24 0.5775 0.411875 0.050625 0.04
24 0.62 0.38625 0.041875 0.045625
24 0.566875 0.34 0.0675 0.0275
24 0.506875 0.325 0.04875 0.045625
24 0.526875 0.365 0.0575 0.033125
24 0.473125 0.443125 0.085 0.03625
24 0.395625 0.431875 0.0625 0.04125
24 0.36875 0.463125 0.081875 0.033125
24 0.461875 0.474375 0.1075 0.028125