5 0.409375 0.28375 0.124375 0.213125
5 0.500625 0.44875 0.0875 0.141875
5 0.123125 0.41 0.08 0.1525
5 0.048125 0.476875 0.090625 0.11875
5 0.3175 0.06875 0.219375 0.13375
5 0.761875 0.324375 0.108125 0.181875
5 0.895625 0.47625 0.15 0.116875
5 0.96 0.285 0.08 0.206875
5 0.3425 0.783125 0.16625 0.125
5 0.41625 0.9175 0.084375 0.165
5 0.403125 0.60625 0.0875 0.169375
5 0.600625 0.9175 0.100625 0.06875
5 0.63125 0.685625 0.084375 0.14
5 0.515 0.325625 0.0625 0.141875
5 0.39 0.451875 0.154375 0.14375