24 0.789375 0.779375 0.03875 0.035
24 0.93875 0.9275 0.028125 0.05875
24 0.934375 0.88375 0.03125 0.045
24 0.874375 0.863125 0.029375 0.07
24 0.76125 0.916875 0.0475 0.04125
24 0.7225 0.703125 0.028125 0.07
24 0.684375 0.684375 0.03875 0.060625
24 0.645 0.703125 0.0575 0.043125
24 0.696875 0.95 0.055 0.0525
24 0.8425 0.75875 0.03125 0.025625
24 0.930625 0.6575 0.059375 0.060625
24 0.784375 0.6875 0.025 0.03125
24 0.906875 0.92 0.035625 0.0625
24 0.611875 0.8175 0.0625 0.08375
24 0.635 0.74625 0.06375 0.078125
24 0.686875 0.7775 0.066875 0.046875
24 0.709375 0.86125 0.0625 0.055
24 0.835 0.80875 0.028125 0.0625
24 0.22 0.886875 0.229375 0.15625
24 0.26125 0.730625 0.235625 0.15625
24 0.9475 0.23125 0.04875 0.04875
24 0.804375 0.41875 0.065 0.088125
24 0.8 0.21875 0.035625 0.035
24 0.7275 0.26375 0.03875 0.043125
24 0.645625 0.155 0.065 0.07625
24 0.95625 0.34375 0.036875 0.10125
24 0.700625 0.225625 0.0475 0.04125
24 0.655625 0.3025 0.066875 0.05875
24 0.7175 0.385 0.043125 0.078125
24 0.735 0.3075 0.03875 0.04125
24 0.760625 0.22375 0.04 0.029375
24 0.870625 0.328125 0.0575 0.078125
24 0.925625 0.1825 0.068125 0.099375
24 0.851875 0.184375 0.053125 0.08375
24 0.628125 0.40125 0.068125 0.0725