3 0.714375 0.644375 0.16125 0.14875
3 0.551875 0.628125 0.13875 0.103125
3 0.656875 0.545 0.14375 0.105625
3 0.829375 0.3925 0.230625 0.12125
3 0.553125 0.269375 0.110625 0.1175
3 0.516875 0.144375 0.08625 0.16125
3 0.36125 0.198125 0.130625 0.143125
3 0.445 0.086875 0.113125 0.113125
3 0.193125 0.73 0.145625 0.261875
3 0.07375 0.733125 0.131875 0.263125
3 0.096875 0.54375 0.109375 0.12875
3 0.12375 0.373125 0.14375 0.103125
3 0.25875 0.32125 0.13875 0.0875
3 0.3975 0.544375 0.12875 0.073125
3 0.485 0.685625 0.085 0.19125
3 0.51875 0.515 0.06625 0.11875
3 0.46125 0.426875 0.04375 0.13
3 0.751875 0.146875 0.08375 0.09875
3 0.7325 0.046875 0.08625 0.08875
3 0.943125 0.1125 0.1075 0.0875
3 0.968125 0.21875 0.0575 0.109375
3 0.87375 0.208125 0.096875 0.1175
3 0.829375 0.575 0.113125 0.105625
3 0.94 0.683125 0.090625 0.13125
3 0.3 0.064375 0.088125 0.103125