10 0.42625 0.541875 0.11875 0.376875
10 0.23875 0.423125 0.22875 0.315
10 0.226875 0.72375 0.14625 0.311875
10 0.4225 0.80625 0.13875 0.265625
10 0.6525 0.65625 0.1225 0.20625
10 0.506875 0.319375 0.28625 0.26
10 0.76125 0.4275 0.116875 0.231875
10 0.76125 0.528125 0.163125 0.263125
10 0.74625 0.700625 0.074375 0.204375
10 0.525 0.795625 0.074375 0.271875
10 0.06125 0.788125 0.079375 0.17625
10 0.56875 0.75875 0.123125 0.224375
10 0.549375 0.625625 0.12625 0.205
10 0.359375 0.635 0.093125 0.263125
10 0.585625 0.41 0.220625 0.0575