10 0.7975 0.245 0.05 0.169375
10 0.74375 0.273125 0.065625 0.203125
10 0.84375 0.268125 0.0725 0.223125
10 0.873125 0.80875 0.1 0.2275
10 0.63875 0.831875 0.07125 0.19875
10 0.56375 0.8 0.065625 0.19375
10 0.256875 0.130625 0.08875 0.259375
10 0.448125 0.855 0.154375 0.09125
10 0.959375 0.9025 0.076875 0.18125
10 0.45375 0.279375 0.0525 0.12875
10 0.621875 0.640625 0.056875 0.10875
10 0.37875 0.698125 0.106875 0.118125
10 0.2825 0.778125 0.104375 0.133125
10 0.1375 0.91375 0.085625 0.111875
10 0.065 0.924375 0.0725 0.150625
10 0.2025 0.911875 0.06875 0.10375
10 0.648125 0.21875 0.04125 0.096875
10 0.6875 0.29875 0.0425 0.10375
10 0.116875 0.121875 0.066875 0.2275
10 0.183125 0.600625 0.075625 0.186875
10 0.80625 0.7325 0.05 0.11
10 0.2075 0.741875 0.0425 0.09125
10 0.241875 0.8925 0.076875 0.079375
10 0.8925 0.07 0.05125 0.135625
10 0.546875 0.276875 0.0425 0.060625