17 0.25375 0.64625 0.163125 0.190625
17 0.13375 0.6675 0.159375 0.188125
17 0.2875 0.786875 0.216875 0.164375
17 0.208125 0.15375 0.17625 0.24875
17 0.315625 0.238125 0.1975 0.195625
17 0.125625 0.24 0.21875 0.186875
17 0.535 0.5725 0.1775 0.161875
17 0.51625 0.4575 0.124375 0.125
17 0.434375 0.58125 0.1025 0.145
17 0.84625 0.724375 0.193125 0.168125
17 0.8075 0.605 0.195625 0.13625
17 0.70375 0.775 0.15375 0.184375
17 0.821875 0.34 0.2825 0.235
17 0.74375 0.14875 0.216875 0.280625
17 0.5775 0.250625 0.2575 0.26