3 0.366875 0.446875 0.22375 0.300625
3 0.49 0.349375 0.11 0.211875
3 0.4025 0.69125 0.231875 0.1975
3 0.616875 0.511875 0.2125 0.215625
3 0.70875 0.274375 0.103125 0.215
3 0.80125 0.314375 0.170625 0.23
3 0.885625 0.520625 0.22875 0.1775
3 0.756875 0.75 0.11125 0.265
3 0.6675 0.709375 0.149375 0.255
3 0.595 0.83375 0.185625 0.289375
3 0.40875 0.88875 0.1325 0.2225
3 0.23 0.231875 0.11375 0.289375
3 0.103125 0.389375 0.19875 0.121875
3 0.11 0.485625 0.1925 0.1325
3 0.12625 0.889375 0.155625 0.219375
3 0.23625 0.573125 0.101875 0.214375
3 0.38625 0.254375 0.206875 0.125625
3 0.429375 0.28625 0.11 0.184375
3 0.598125 0.356875 0.1125 0.144375