20 0.355 0.55 0.111875 0.243125
20 0.2625 0.486875 0.091875 0.18125
20 0.166875 0.61 0.085625 0.290625
20 0.2325 0.38 0.1275 0.1
20 0.395625 0.39 0.14375 0.11125
20 0.36375 0.311875 0.158125 0.109375
20 0.209375 0.3125 0.114375 0.114375
20 0.19125 0.245 0.1275 0.15375
20 0.089375 0.5525 0.11875 0.133125
20 0.224375 0.90625 0.11375 0.1875
20 0.2025 0.776875 0.12625 0.125625
20 0.249375 0.684375 0.113125 0.090625
20 0.355 0.909375 0.12375 0.18125
20 0.385625 0.788125 0.116875 0.135
20 0.45625 0.811875 0.085625 0.165
20 0.535625 0.899375 0.12125 0.1875
20 0.56875 0.6475 0.08125 0.19375
20 0.53875 0.715625 0.113125 0.108125
20 0.626875 0.615 0.10875 0.195
20 0.5925 0.473125 0.15 0.1175
20 0.518125 0.36625 0.0675 0.126875
20 0.40625 0.389375 0.14625 0.04625
20 0.38875 0.103125 0.07 0.08875
20 0.774375 0.726875 0.10625 0.295625
20 0.8775 0.471875 0.17125 0.160625
20 0.915 0.613125 0.113125 0.1475
20 0.901875 0.33625 0.13 0.136875
20 0.71125 0.395 0.09625 0.060625
20 0.630625 0.315625 0.1925 0.11125
20 0.65125 0.179375 0.105 0.11125
20 0.46125 0.205625 0.10125 0.11625
20 0.340625 0.253125 0.12 0.084375
20 0.435625 0.56625 0.083125 0.2125