17 0.8775 0.49625 0.2125 0.155625
17 0.78875 0.3875 0.168125 0.179375
17 0.750625 0.56125 0.155625 0.191875
17 0.759375 0.701875 0.191875 0.1175
17 0.6675 0.795 0.125 0.15125
17 0.63625 0.658125 0.114375 0.145625
17 0.550625 0.768125 0.126875 0.1475
17 0.52375 0.618125 0.133125 0.190625
17 0.4025 0.50375 0.21375 0.126875
17 0.559375 0.349375 0.191875 0.1325
17 0.574375 0.226875 0.168125 0.151875
17 0.7275 0.29125 0.1825 0.145625
17 0.3575 0.815625 0.20625 0.195
17 0.258125 0.6725 0.2425 0.1675
17 0.126875 0.575 0.07 0.119375
17 0.153125 0.52 0.105625 0.0675
17 0.0525 0.553125 0.089375 0.086875
17 0.24125 0.408125 0.101875 0.146875
17 0.173125 0.341875 0.151875 0.1175
17 0.301875 0.345625 0.165 0.085
17 0.290625 0.268125 0.12375 0.1425
17 0.271875 0.1725 0.135 0.08625
17 0.376875 0.260625 0.134375 0.136875
17 0.123125 0.080625 0.103125 0.16
17 0.088125 0.16125 0.16 0.10875
17 0.225 0.121875 0.1475 0.1375
17 0.794375 0.173125 0.13125 0.149375
17 0.779375 0.078125 0.13375 0.08375
17 0.90375 0.119375 0.1375 0.105625