20 0.485625 0.495625 0.24 0.08875
20 0.591875 0.6425 0.194375 0.213125
20 0.634375 0.37125 0.141875 0.128125
20 0.424375 0.751875 0.22 0.13625
20 0.745625 0.735625 0.229375 0.128125
20 0.740625 0.6225 0.2125 0.21125
20 0.205625 0.239375 0.305625 0.124375
20 0.165625 0.4225 0.261875 0.173125
20 0.5375 0.12625 0.158125 0.143125
20 0.839375 0.37125 0.194375 0.128125
20 0.409375 0.895 0.294375 0.12
20 0.28625 0.576875 0.1725 0.10125
20 0.8175 0.164375 0.09625 0.129375
20 0.9025 0.240625 0.118125 0.1075