14 0.138125 0.3975 0.19125 0.228125
14 0.309375 0.394375 0.12375 0.238125
14 0.209375 0.585625 0.17625 0.195
14 0.4325 0.209375 0.185 0.225
14 0.571875 0.316875 0.15125 0.16
14 0.429375 0.406875 0.14375 0.203125
14 0.729375 0.095625 0.16875 0.175
14 0.709375 0.236875 0.14875 0.113125
14 0.8275 0.148125 0.1125 0.146875
14 0.53 0.678125 0.145 0.26
14 0.30625 0.828125 0.1925 0.266875
14 0.333125 0.6125 0.13125 0.175
14 0.4625 0.753125 0.16 0.226875
14 0.696875 0.90875 0.14875 0.1825
14 0.796875 0.850625 0.14375 0.198125
14 0.724375 0.526875 0.19625 0.216875
14 0.519375 0.51 0.21625 0.19
14 0.89125 0.285625 0.1675 0.151875