21 0.53625 0.64375 0.06125 0.25625
21 0.72625 0.62375 0.059375 0.146875
21 0.905625 0.578125 0.0575 0.25625
21 0.68375 0.190625 0.059375 0.04375
21 0.090625 0.73875 0.10375 0.290625
21 0.1 0.428125 0.05 0.125
21 0.271875 0.67625 0.055625 0.178125
21 0.28875 0.7825 0.076875 0.109375
21 0.225 0.859375 0.05375 0.1875
21 0.31625 0.484375 0.101875 0.23125
21 0.131875 0.68875 0.048125 0.184375
21 0.25875 0.396875 0.075 0.1625
21 0.856875 0.325 0.06375 0.125
21 0.559375 0.44875 0.065625 0.221875
21 0.62875 0.58875 0.076875 0.209375
21 0.10375 0.55625 0.123125 0.1375
21 0.390625 0.38625 0.084375 0.190625