5 0.590625 0.28375 0.124375 0.213125
5 0.499375 0.44875 0.0875 0.141875
5 0.876875 0.41 0.08 0.1525
5 0.951875 0.476875 0.090625 0.11875
5 0.6825 0.06875 0.219375 0.13375
5 0.238125 0.324375 0.108125 0.181875
5 0.104375 0.47625 0.15 0.116875
5 0.04 0.285 0.08 0.206875
5 0.6575 0.783125 0.16625 0.125
5 0.58375 0.9175 0.084375 0.165
5 0.596875 0.60625 0.0875 0.169375
5 0.399375 0.9175 0.100625 0.06875
5 0.36875 0.685625 0.084375 0.14
5 0.485 0.325625 0.0625 0.141875
5 0.61 0.451875 0.154375 0.14375