24 0.145625 0.494375 0.088125 0.08875
24 0.315 0.47625 0.083125 0.085
24 0.38 0.46625 0.035 0.09
24 0.7425 0.49875 0.046875 0.11375
24 0.670625 0.5 0.059375 0.08625
24 0.58125 0.535625 0.07 0.07
24 0.528125 0.41125 0.051875 0.096875
24 0.458125 0.475 0.064375 0.063125
24 0.87625 0.1975 0.17875 0.26375
24 0.721875 0.31 0.115 0.179375
24 0.10625 0.448125 0.12625 0.269375
24 0.090625 0.12875 0.1775 0.254375
24 0.341875 0.10625 0.1775 0.209375
24 0.70875 0.12125 0.26375 0.239375
24 0.67875 0.76625 0.109375 0.16125
24 0.860625 0.68375 0.2775 0.256875
24 0.335625 0.21625 0.315625 0.1725
24 0.2925 0.361875 0.12625 0.1875
24 0.159375 0.7375 0.1475 0.29
24 0.2575 0.69125 0.110625 0.280625
24 0.514375 0.69625 0.155 0.18875
24 0.590625 0.77 0.21 0.309375
24 0.4275 0.655 0.17375 0.268125