14 0.318125 0.2 0.248125 0.2875
14 0.446875 0.59375 0.208125 0.321875
14 0.745625 0.67875 0.229375 0.175
14 0.60375 0.43125 0.171875 0.1775
14 0.50375 0.12875 0.1875 0.18375
14 0.264375 0.39875 0.17 0.199375
14 0.15625 0.231875 0.115 0.251875
14 0.238125 0.666875 0.234375 0.18625
14 0.1175 0.82375 0.144375 0.18375
14 0.08125 0.626875 0.10125 0.211875
14 0.701875 0.319375 0.10125 0.150625
14 0.71875 0.486875 0.081875 0.17875
14 0.634375 0.1075 0.083125 0.209375
14 0.555 0.284375 0.145625 0.165
14 0.881875 0.30625 0.126875 0.250625
14 0.905625 0.141875 0.1575 0.1175
14 0.79375 0.17375 0.1325 0.125
14 0.89625 0.673125 0.10375 0.2475
14 0.84875 0.8475 0.15625 0.1775
14 0.57 0.77875 0.175625 0.196875
14 0.389375 0.818125 0.204375 0.1775
14 0.72625 0.878125 0.1325 0.11875
14 0.639375 0.930625 0.046875 0.11125
14 0.635 0.8075 0.059375 0.141875