24 0.846875 0.9125 0.114375 0.174375
24 0.599375 0.919375 0.096875 0.103125
24 0.501875 0.728125 0.10125 0.123125
24 0.5575 0.08125 0.0725 0.075
24 0.484375 0.12375 0.0475 0.065625
24 0.535625 0.245 0.066875 0.069375
24 0.444375 0.208125 0.088125 0.059375
24 0.739375 0.22125 0.07625 0.085625
24 0.560625 0.444375 0.128125 0.1125
24 0.775625 0.62375 0.069375 0.09625
24 0.793125 0.430625 0.07625 0.12125
24 0.7775 0.355625 0.056875 0.059375
24 0.108125 0.390625 0.060625 0.12
24 0.26875 0.825625 0.18875 0.126875
24 0.181875 0.914375 0.09125 0.17125
24 0.2225 0.713125 0.0775 0.15875
24 0.47875 0.66 0.06375 0.1275
24 0.41 0.533125 0.12 0.11125
24 0.486875 0.488125 0.084375 0.099375
24 0.28875 0.0925 0.065625 0.103125
24 0.300625 0.23125 0.069375 0.115625
24 0.20375 0.17 0.070625 0.129375
24 0.143125 0.255625 0.06 0.166875