4 0.386875 0.6825 0.146875 0.39125
4 0.155625 0.58875 0.109375 0.229375
4 0.530625 0.31 0.16625 0.28125
4 0.85 0.560625 0.27125 0.26625
4 0.753125 0.26875 0.1 0.154375
4 0.628125 0.085 0.1125 0.113125
4 0.44875 0.3425 0.16625 0.293125
4 0.188125 0.43125 0.0825 0.14
4 0.03 0.435625 0.059375 0.195625
4 0.19875 0.203125 0.110625 0.16875
4 0.34875 0.41375 0.10125 0.110625
4 0.27 0.886875 0.0825 0.22625
4 0.9075 0.291875 0.070625 0.3175
4 0.43875 0.485625 0.10125 0.260625
4 0.608125 0.156875 0.124375 0.08