5 0.54375 0.63875 0.2 0.386875
5 0.383125 0.54875 0.221875 0.236875
5 0.199375 0.4525 0.164375 0.273125
5 0.318125 0.39625 0.09375 0.21
5 0.58 0.15375 0.19875 0.125
5 0.6775 0.26625 0.13125 0.261875
5 0.8475 0.32 0.2375 0.169375
5 0.94125 0.454375 0.1175 0.26625
5 0.945625 0.793125 0.108125 0.36875
5 0.855 0.709375 0.115 0.330625
5 0.70375 0.881875 0.188125 0.2075
5 0.093125 0.838125 0.17625 0.24875
5 0.423125 0.14875 0.11125 0.17625
5 0.4575 0.284375 0.045625 0.09375
5 0.52875 0.243125 0.10875 0.08875
5 0.7575 0.549375 0.138125 0.129375
5 0.8175 0.503125 0.036875 0.07625