5 0.70125 0.6475 0.268125 0.251875
5 0.618125 0.7575 0.171875 0.328125
5 0.41625 0.633125 0.288125 0.253125
5 0.29625 0.448125 0.14375 0.24
5 0.128125 0.396875 0.25625 0.230625
5 0.388125 0.381875 0.268125 0.2225
5 0.605625 0.39375 0.166875 0.289375
5 0.656875 0.198125 0.18 0.273125
5 0.854375 0.0625 0.245 0.1225
5 0.83 0.483125 0.15625 0.294375
5 0.926875 0.72875 0.14375 0.1775
5 0.84375 0.81 0.151875 0.32125
5 0.10375 0.244375 0.131875 0.22
5 0.36375 0.2525 0.193125 0.150625
5 0.465 0.093125 0.211875 0.146875